71.169397	
50.938666	
52.068222	
54.499397	
64.431246	
50.171567	
63.497635	
73.895696	
68.063189	
66.567028	
77.792131	
69.525068	
67.255400	
82.168139	
68.963242	
73.286894	
79.543802	
71.269637	
66.293727	
73.431401	
73.985713	
68.188093	
81.118867	
85.475475	
75.544485	
84.864005	
84.461257	
71.142831	
62.253010	
69.852550	
72.934983	
71.321576	
67.220610	
72.131698	
65.202327	
66.466330	
62.139315	
71.662362	
78.361665	
78.787611	
74.353341	
74.196256	
76.035325	
68.763660	
79.025719	
79.290188	
81.034844	
74.736037	
74.644584	
78.601776	
77.281864	
80.888213	
81.508145	
87.076029	
76.544253	
75.556714	
82.243875	
83.696045	
85.309144	
84.613757	
58.934499	
79.698116	
78.320847	
78.859512	
67.270996	
83.231670	
87.437113	
80.545276	
82.892854	
86.710796	
81.884432	
86.101391	
81.946176	
86.987230	
83.410892	
81.194145	
76.139483	
82.970198	
80.056988	
77.284326	
83.012054	
81.895770	
76.143160	
84.629144	
88.589194	
79.013311	
84.626580	
80.048258	
86.753785	
81.747162	
82.377761	
79.365991	
79.131219	
83.084381	
81.216734	
88.022917	
88.265452	
88.150711	
82.626877	
84.803649	
81.514430	
86.460964	
77.297870	
78.198441	
85.687232	
77.379148	
74.579976	
85.923919	
83.292659	
82.618019	
76.572488	
83.735551	
91.045364	
80.336569	
88.479414	
86.087132	
87.133521	
83.000639	
84.461257	
81.714434	
83.761043	
81.569754	
91.793345	
82.902996	
84.520187	
87.673186	
87.677125	
88.355214	
80.649092	
79.457986	
85.461284	
109.768225	
109.194902	
111.449071	
111.449071	
109.512269	
108.184786	
112.420144	
110.524512	
111.455033	
109.948139	
112.276871	
110.182484	
113.798701	
106.751497	
113.164102	
112.409888	
110.426158	
114.025875	
110.704614	
112.444776	
111.744593	
111.347879	
113.721253	
108.324318	
108.407920	
109.457930	
115.894055	
113.259003	
111.502775	
113.549933	
115.600776	
114.187150	
113.592661	
114.419910	
113.071618	
113.586249	
113.297053	
113.136745	
111.069779	
55.548031	
61.558830	
57.964114	
54.499397	
64.431246	
61.594739	
58.216101	
66.407595	
62.456461	
63.497635	
67.270996	
73.895696	
68.063189	
66.479517	
71.531818	
67.029886	
70.470740	
83.070420	
71.721606	
63.935684	
80.269133	
64.146348	
76.350375	
75.513913	
72.971372	
72.502234	
68.835791	
82.453594	
86.457065	
86.665216	
82.190857	
80.634078	
69.049828	
59.829742	
69.856164	
68.999319	
61.297879	
71.395271	
63.425827	
58.651519	
75.208375	
73.504284	
81.477975	
82.408091	
75.619094	
79.060466	
65.857539	
81.379964	
78.292403	
77.508513	
79.342377	
70.138055	
78.718214	
76.297636	
86.542885	
76.092913	
77.393929	
75.008118	
77.842725	
79.649569	
73.418040	
80.033291	
83.606877	
84.711238	
79.361019	
71.696215	
57.506749	
74.801899	
73.930970	
76.318485	
65.214303	
90.239882	
80.079439	
87.812427	
80.617816	
79.643346	
85.367144	
78.465597	
79.394579	
70.962949	
80.680373	
79.249192	
82.185809	
74.657997	
84.822909	
85.511605	
93.228594	
84.490719	
74.566568	
78.272618	
85.885089	
76.622827	
77.977287	
84.641968	
78.875630	
86.323247	
78.094632	
75.710856	
80.158039	
77.291713	
77.772390	
89.746531	
83.702416	
84.410032	
89.135730	
83.948549	
78.909113	
86.017160	
73.979630	
81.769822	
76.560212	
73.030814	
82.932155	
85.256320	
84.078793	
87.282605	
85.736345	
79.142392	
83.499945	
91.218921	
80.769239	
82.573735	
87.837403	
90.027775	
88.632871	
84.567605	
85.891560	
83.769967	
83.698593	
89.813425	
87.874219	
84.298683	
89.244832	
90.017047	
93.535718	
91.678727	
82.377761	
81.992814	
86.305069	
110.776542	
112.201419	
107.944965	
110.259042	
108.869248	
106.084973	
109.555425	
106.011172	
108.220979	
112.584742	
113.303400	
111.492823	
112.958526	
111.899469	
110.999160	
113.904476	
106.910595	
112.768952	
112.107877	
112.432457	
113.316098	
110.704614	
109.356966	
112.881295	
111.976190	
110.731812	
111.792782	
112.494099	
110.991322	
116.753225	
112.162746	
115.802886	
112.555871	
111.893420	
114.470691	
112.700513	
113.646168	
111.684462	
112.652909	
109.232093	
55.548031	
61.558830	
71.169397	
50.938666	
54.499397	
64.431246	
61.594739	
58.216101	
50.171567	
66.407595	
63.497635	
67.270996	
73.895696	
71.531818	
68.748032	
68.083604	
76.466931	
70.315218	
67.375377	
81.825229	
67.086259	
81.146465	
66.249383	
63.921321	
74.558036	
76.531978	
64.231336	
72.470737	
73.890831	
74.786042	
67.193018	
82.256502	
84.506093	
86.166222	
76.558984	
73.409539	
69.398701	
58.573566	
70.072990	
69.172512	
69.253113	
68.482425	
59.255760	
64.686245	
54.714108	
78.947561	
74.772625	
81.656548	
82.839624	
73.415611	
72.089340	
72.634309	
68.632642	
64.838301	
77.501118	
66.769651	
70.146490	
80.854392	
63.942865	
65.633513	
76.209353	
68.829780	
75.741449	
94.551188	
74.645804	
75.094798	
77.845195	
81.635160	
73.703579	
67.865066	
68.672305	
86.141582	
89.687699	
82.591447	
82.036944	
82.091176	
77.056659	
85.006655	
82.491523	
74.565349	
82.602834	
76.750563	
80.189240	
79.010830	
79.443064	
75.387991	
70.628723	
85.069672	
91.931345	
83.715160	
83.722806	
76.168899	
84.776689	
77.022219	
75.901816	
73.061145	
68.568947	
85.623928	
84.131179	
89.971465	
89.500724	
89.009467	
82.416937	
77.003771	
73.546806	
83.600511	
74.814097	
82.792745	
78.624067	
90.226445	
85.865679	
79.255402	
85.851446	
92.305386	
83.362571	
83.344772	
86.294683	
87.859754	
87.535419	
86.983315	
83.628528	
83.534309	
84.058356	
83.952378	
82.947371	
80.305347	
89.879023	
86.842416	
78.884311	
86.303771	
90.571004	
89.480710	
84.577860	
81.797523	
87.129600	
108.233656	
109.375641	
108.643362	
108.349743	
109.295408	
109.499145	
107.569283	
104.661674	
108.760725	
114.021529	
110.739587	
113.641883	
107.635215	
112.475593	
112.372992	
112.179023	
112.004505	
109.258150	
108.460721	
108.415199	
109.608035	
112.006529	
111.662443	
114.397862	
112.420144	
111.542616	
117.074319	
114.274740	
112.725382	
114.748447	
113.999814	
112.215678	
111.377607	
107.788889	
55.548031	
61.558830	
71.169397	
57.964114	
50.938666	
52.068222	
54.499397	
61.594739	
58.216101	
66.407595	
67.270996	
73.895696	
68.063189	
66.479517	
71.531818	
68.748032	
75.974074	
71.737324	
69.993476	
65.868323	
81.572269	
66.968718	
78.031629	
64.348646	
61.986122	
74.587289	
69.343349	
62.900452	
73.239548	
70.588921	
73.190993	
73.808136	
81.007263	
86.123430	
86.168816	
81.523230	
79.337405	
72.303603	
67.647791	
67.039481	
70.476768	
66.997503	
57.960514	
68.013954	
53.991216	
77.951357	
73.309963	
79.653302	
82.745880	
75.594631	
72.335086	
69.269956	
64.256473	
80.789272	
74.359432	
73.166719	
66.333281	
67.153432	
90.970884	
76.880822	
91.561525	
77.382843	
75.085029	
77.412406	
75.610532	
80.955874	
76.714938	
53.001096	
70.838642	
64.675470	
76.209353	
58.778630	
88.528338	
88.208725	
84.096679	
82.480144	
78.306007	
80.851887	
75.260904	
74.046549	
84.181027	
78.880590	
78.554723	
67.790633	
79.634633	
73.884750	
77.212925	
71.489520	
72.177694	
87.911047	
85.791943	
90.896460	
72.304814	
79.654548	
80.549028	
78.016808	
76.610549	
83.956207	
72.515561	
76.058603	
76.246134	
74.184081	
74.961737	
91.625561	
85.478056	
84.697124	
91.864370	
89.020095	
86.851543	
83.892400	
72.625825	
84.995083	
72.898597	
72.611284	
79.968455	
68.845409	
76.072082	
72.958028	
79.924826	
76.466931	
80.505268	
89.970125	
85.537418	
83.137693	
87.447595	
91.594219	
82.949908	
83.986844	
86.775937	
84.553506	
83.216427	
85.190643	
87.866329	
79.372204	
87.535419	
83.970249	
80.577791	
90.452430	
90.196887	
92.321862	
91.751029	
83.470680	
80.828090	
108.435222	
107.787099	
110.866188	
109.037261	
108.011534	
106.699180	
103.246473	
105.516668	
102.674196	
113.280136	
113.971610	
113.422142	
112.779336	
113.313982	
109.889327	
110.276292	
113.751345	
106.893082	
112.512616	
112.498213	
109.157748	
110.708498	
111.142521	
107.806797	
106.938632	
114.541510	
111.258860	
111.526673	
116.663386	
113.792239	
112.162746	
115.113031	
114.176222	
111.379590	
111.714513	
110.940429	
109.111360	
107.126622	
71.169397	
57.964114	
50.938666	
52.068222	
54.499397	
64.431246	
61.594739	
58.216101	
50.171567	
62.456461	
67.270996	
66.479517	
71.531818	
68.748032	
75.705961	
73.890831	
65.711379	
70.262184	
66.050450	
79.111355	
63.561065	
64.340266	
72.543427	
72.020364	
73.506713	
81.920971	
84.352428	
84.539409	
74.670189	
81.859236	
82.357545	
63.818387	
65.507738	
63.571837	
57.757670	
68.176082	
67.620184	
51.757611	
60.795056	
72.921640	
68.635046	
79.021997	
81.856718	
70.209154	
74.938550	
68.299804	
72.614918	
59.043595	
78.962446	
73.915157	
61.058452	
70.673354	
70.438185	
68.897109	
86.416774	
70.579273	
83.253268	
91.482564	
77.093563	
74.465419	
71.442392	
76.802167	
73.627007	
66.727685	
68.357469	
62.724532	
82.897925	
90.832906	
90.550782	
82.728150	
77.093563	
82.366390	
79.093977	
76.032875	
80.189240	
69.031789	
78.746715	
75.986323	
77.427190	
72.870705	
67.935905	
85.262761	
83.986844	
91.931345	
79.791509	
71.378357	
75.819785	
81.249368	
72.356884	
80.566535	
79.689402	
77.132934	
65.931825	
74.967839	
68.303408	
86.738151	
86.458365	
82.825685	
84.161852	
76.727223	
75.463782	
78.719453	
67.208613	
83.608151	
67.578179	
71.287755	
88.274688	
87.720457	
78.442084	
86.301174	
90.176741	
82.842159	
85.922625	
86.884148	
82.475086	
83.984291	
79.803965	
84.662489	
81.677938	
76.671949	
89.962083	
87.189733	
82.164354	
88.228510	
90.836960	
90.876172	
82.947371	
86.394686	
106.155460	
106.924611	
107.448394	
100.619428	
101.335435	
114.191523	
112.914666	
110.665800	
109.967132	
108.692829	
109.480406	
104.973936	
111.790773	
111.877295	
109.598634	
105.005781	
106.777680	
110.362672	
112.694299	
113.547798	
114.619192	
112.234023	
110.295468	
116.068029	
113.656881	
110.333854	
113.379676	
111.832997	
113.861252	
107.133668	
108.333397	
110.087029	
55.548031	
61.558830	
57.964114	
50.938666	
54.499397	
61.594739	
58.216101	
50.171567	
66.407595	
62.456461	
63.497635	
73.895696	
68.063189	
71.531818	
68.748032	
67.761823	
73.777737	
70.146490	
70.328479	
65.983347	
79.413226	
68.780490	
62.598874	
65.249032	
72.371417	
76.555302	
66.697709	
70.690241	
70.681798	
67.220610	
79.308826	
81.747162	
83.665467	
79.205720	
67.372978	
58.569969	
68.768468	
65.353229	
55.204728	
59.126308	
58.921311	
72.740971	
68.683124	
78.790091	
79.648325	
73.652529	
75.598299	
67.950312	
61.575587	
77.851365	
74.983706	
65.833578	
69.740559	
68.293798	
72.897384	
91.203993	
68.816556	
69.944088	
79.754147	
73.510358	
71.947771	
77.650278	
71.321576	
69.059450	
66.300919	
70.959328	
58.020517	
82.290598	
87.089094	
81.014786	
75.175396	
81.323444	
83.824794	
73.671976	
74.628737	
70.690241	
71.797786	
82.835823	
85.045233	
66.034872	
77.895800	
78.906632	
80.395284	
72.045774	
75.085029	
79.110114	
79.131219	
67.051475	
75.310999	
75.133874	
91.475759	
85.673019	
87.014646	
78.546057	
82.106314	
71.350570	
81.229284	
72.352040	
78.589393	
68.017556	
79.997130	
67.141436	
71.309497	
78.952522	
78.127994	
77.227697	
89.296761	
88.610368	
89.028065	
80.595300	
84.833182	
86.641782	
79.551266	
82.960053	
82.036944	
80.739194	
81.611258	
77.623152	
76.156642	
76.382269	
77.536859	
91.972374	
91.802903	
92.407038	
89.944662	
85.429036	
85.520639	
106.987743	
107.398724	
107.733425	
106.072950	
98.222912	
104.099186	
100.052289	
113.498745	
113.704073	
112.107877	
110.885708	
110.316575	
110.372284	
112.628102	
105.035971	
109.692751	
108.683663	
109.809807	
108.577508	
105.459051	
105.455664	
101.725133	
113.349988	
112.634302	
111.034449	
111.441122	
115.847258	
114.143466	
113.197807	
110.316575	
108.069198	
112.524968	
110.445421	
107.964744	
104.835078	
47.011676	
53.666241	
63.318117	
44.264994	
36.209370	
50.829179	
43.891583	
58.000117	
54.933556	
53.593726	
47.048605	
60.193898	
57.640023	
60.732793	
61.846089	
63.533539	
61.738370	
64.978394	
67.955116	
62.400213	
56.330275	
73.799623	
60.895629	
53.303554	
69.492571	
66.004916	
49.631173	
58.435634	
59.352841	
56.822007	
60.448996	
78.060041	
76.778822	
65.343647	
77.766221	
71.674452	
64.895775	
75.002014	
68.076398	
67.596181	
68.457192	
59.025613	
56.985441	
64.832314	
65.264602	
63.377956	
57.347031	
69.241082	
66.818815	
79.167224	
78.942599	
74.274179	
74.036814	
67.650192	
69.106357	
63.973985	
82.083607	
58.742657	
64.278020	
70.745736	
75.115555	
63.823175	
60.346003	
71.971967	
74.141477	
81.189126	
72.336297	
76.222838	
67.622585	
73.098760	
74.743353	
64.261261	
79.821404	
75.546930	
74.822636	
79.603522	
73.895696	
49.687326	
71.390438	
54.029862	
87.999216	
85.115989	
81.303353	
76.357736	
73.522507	
75.827129	
79.426901	
78.845874	
61.975350	
79.934797	
73.799623	
65.318495	
77.850131	
78.765304	
88.744125	
72.126858	
70.165770	
69.869411	
76.306221	
77.747716	
69.152063	
66.859586	
65.244242	
68.915145	
72.824626	
68.815353	
63.839932	
86.558496	
68.863444	
86.212920	
85.443224	
88.566699	
87.132215	
78.823559	
81.323444	
67.614185	
79.034405	
72.013104	
78.620353	
70.076604	
65.704191	
75.723093	
76.664580	
66.763656	
86.475265	
82.203479	
72.699757	
83.608151	
87.547223	
85.145588	
79.958481	
86.470064	
81.436504	
76.743192	
73.216483	
79.362261	
81.638934	
85.447095	
72.390795	
89.919205	
85.170044	
87.941307	
90.117666	
79.460472	
84.089014	
107.964744	
108.172127	
108.559237	
108.670836	
109.256288	
107.294261	
102.081242	
109.297271	
101.279317	
107.754886	
112.014623	
111.588496	
108.206498	
111.405379	
109.506643	
109.585479	
109.115068	
113.159891	
107.476806	
112.601252	
110.073686	
108.839786	
107.271281	
106.770696	
107.925197	
111.177969	
109.005816	
110.877899	
111.361749	
112.059187	
113.115719	
114.896340	
112.422196	
113.210457	
110.374207	
110.489765	
108.117919	
108.193832	
47.011676	
36.209370	
50.829179	
58.000117	
54.933556	
53.593726	
47.048605	
57.640023	
60.732793	
57.387864	
63.533539	
61.738370	
66.956725	
59.125109	
58.769037	
78.209565	
56.092094	
70.551534	
58.770236	
66.187063	
68.191696	
61.964579	
50.550448	
58.663512	
58.987250	
59.893236	
55.370984	
60.250190	
72.399273	
79.231802	
80.535274	
76.126001	
69.656278	
73.074492	
61.671342	
63.105094	
56.593618	
68.065590	
49.175506	
64.392938	
51.654426	
52.241626	
77.011150	
72.421074	
65.823993	
48.013296	
69.824852	
62.613234	
59.975894	
71.159737	
55.849009	
75.336661	
68.379094	
75.847943	
86.141582	
62.047160	
68.285388	
75.850391	
75.967950	
70.233258	
67.525374	
43.178022	
50.827962	
86.177896	
84.206596	
80.619067	
65.164004	
73.950433	
76.323391	
67.825448	
69.016155	
71.293795	
66.600597	
55.205933	
73.248045	
65.427486	
64.895775	
63.611332	
65.459826	
76.306221	
82.147949	
78.203384	
67.288992	
65.214303	
62.747270	
77.830384	
60.799845	
63.561065	
73.317248	
65.550859	
60.484921	
57.212506	
82.647127	
76.195868	
72.967731	
77.372990	
66.400402	
81.628869	
59.519416	
75.611755	
75.742673	
61.968169	
68.221725	
55.680480	
75.562830	
65.446650	
58.019318	
88.486024	
75.631327	
87.264287	
80.185496	
76.711253	
82.281757	
85.520639	
86.245360	
82.542111	
74.909261	
76.578626	
75.666807	
82.787677	
75.059390	
86.294683	
91.986056	
89.206236	
81.259410	
80.487765	
106.402214	
107.012321	
106.386641	
104.965559	
104.848445	
103.270727	
105.032616	
100.335179	
106.293328	
111.522689	
111.642439	
110.862285	
110.075591	
110.043208	
108.509946	
111.304327	
103.838384	
109.859013	
107.665545	
109.789010	
105.244489	
105.971749	
106.468026	
110.636719	
109.207915	
112.837554	
110.958037	
116.267121	
112.065268	
112.696370	
111.774703	
107.170671	
107.324333	
47.528269	
49.622628	
63.928502	
51.922653	
42.918015	
44.264994	
41.487732	
52.431922	
50.610106	
46.974741	
44.675103	
59.007631	
57.820089	
53.484933	
58.863762	
68.063189	
62.600070	
59.798593	
64.108044	
62.241043	
80.760476	
82.925817	
66.996302	
76.802167	
71.818345	
75.961825	
65.090956	
64.673076	
67.580579	
70.491239	
67.893880	
68.751638	
67.145034	
94.648491	
93.163418	
80.254150	
75.609309	
66.937536	
64.835907	
75.727988	
60.477737	
62.555792	
60.441810	
94.390684	
91.568335	
96.093959	
97.644483	
91.650096	
79.388364	
83.665467	
72.751881	
88.045303	
84.100512	
76.222838	
72.625825	
73.741264	
81.266943	
100.517862	
107.301334	
87.905785	
92.984783	
90.015705	
86.787666	
92.605174	
91.512507	
87.153128	
85.005369	
80.903247	
79.592324	
81.920971	
76.722309	
104.987342	
103.655505	
93.403561	
94.079025	
94.020194	
88.250937	
92.371308	
93.980997	
89.988891	
85.556781	
83.944720	
103.678328	
101.066268	
107.251845	
95.102727	
93.029061	
93.781099	
98.993611	
98.942643	
90.682970	
92.918407	
91.532928	
86.639179	
99.043120	
87.247279	
96.719130	
91.080592	
86.936331	
105.565869	
106.734050	
108.685497	
108.769908	
104.870172	
100.714998	
97.776848	
97.018463	
103.645727	
103.499289	
104.749964	
100.180570	
98.894711	
99.974537	
94.644258	
107.262444	
106.445500	
111.955982	
107.876718	
103.635950	
105.118255	
105.300143	
102.647025	
103.746860	
106.064365	
102.742983	
104.316774	
105.295081	
106.450697	
104.391179	
107.638783	
106.395291	
114.475111	
114.804365	
115.203884	
113.471059	
107.997131	
112.115998	
107.080864	
119.510814	
120.170216	
119.158660	
119.109303	
116.554614	
116.167358	
112.543506	
118.172129	
114.364826	
115.416429	
116.348205	
113.352108	
114.984143	
118.221698	
118.548354	
118.983775	
121.216600	
118.402782	
116.245708	
120.517360	
118.934888	
115.329358	
116.610142	
118.989215	
118.492642	
117.094085	
115.443991	
116.651273	
116.760525	
114.102031	
113.411519	
113.532859	
112.945988	
63.928502	
51.922653	
44.264994	
50.610106	
46.974741	
44.675103	
57.820089	
53.484933	
58.863762	
68.063189	
62.600070	
62.241043	
65.937816	
71.258767	
72.498600	
60.536414	
68.818960	
65.929429	
58.144112	
70.692654	
73.232264	
59.936363	
59.355238	
62.736500	
63.258279	
65.661065	
65.616742	
85.416139	
89.183616	
73.441118	
83.697320	
82.000379	
68.972863	
68.204908	
64.373784	
60.481330	
48.014521	
62.732909	
85.772546	
82.995565	
91.265074	
74.900719	
83.271056	
72.201904	
70.907429	
80.562783	
65.916248	
68.391108	
74.055067	
68.454788	
68.749234	
95.214918	
85.296257	
77.163698	
78.518820	
82.137854	
84.320434	
74.748233	
85.516767	
82.547170	
74.757989	
80.009599	
65.723359	
73.848264	
74.698234	
100.200447	
101.583963	
101.521336	
85.054236	
90.200918	
89.195590	
79.020757	
85.276931	
97.879978	
87.273445	
82.816817	
91.981950	
79.102666	
85.076104	
99.836051	
100.411869	
89.302089	
86.839808	
95.656743	
94.537097	
83.276139	
80.014586	
89.825470	
86.001615	
91.415904	
75.719422	
94.465266	
81.170304	
75.055728	
103.634322	
105.098090	
106.232957	
104.548642	
102.855158	
101.126835	
91.270505	
101.083344	
96.516410	
99.816293	
102.063855	
101.847776	
97.972928	
94.611812	
92.006579	
88.069011	
109.129909	
105.146837	
102.168261	
108.027743	
105.679751	
100.156114	
101.050749	
105.475989	
101.109745	
101.368195	
101.410346	
106.134818	
106.026608	
102.986872	
108.917172	
106.765459	
107.098458	
104.204561	
108.170319	
103.152801	
110.805748	
111.179939	
110.570896	
111.810872	
106.107311	
107.835468	
102.924186	
107.144237	
118.258304	
118.429169	
118.450303	
118.172129	
115.746959	
113.736296	
115.460084	
108.994724	
114.362625	
115.891713	
111.056035	
109.668256	
111.736568	
106.993008	
112.422196	
116.631907	
117.734050	
120.514386	
118.799767	
116.549791	
112.174952	
115.238039	
115.178866	
114.746212	
112.931367	
113.936939	
109.811699	
110.694906	
110.760977	
49.622628	
63.928502	
42.918015	
44.264994	
50.610106	
46.974741	
57.820089	
53.484933	
58.863762	
68.063189	
62.600070	
59.798593	
64.108044	
68.693942	
65.470606	
67.037082	
60.058547	
74.438615	
65.641898	
54.928733	
67.608184	
59.074762	
61.709643	
59.931571	
76.718623	
81.224265	
81.672906	
83.346044	
80.161784	
77.389002	
67.086259	
63.346840	
55.834566	
66.282940	
70.160950	
55.687704	
67.366979	
46.204178	
58.406845	
53.640862	
76.905408	
81.905850	
85.485797	
70.418895	
72.076027	
66.883570	
77.646580	
69.256722	
69.685173	
64.269640	
70.876052	
64.464765	
89.378033	
79.523899	
89.937962	
73.817863	
80.421525	
75.193717	
72.761580	
59.454707	
65.697003	
65.750912	
93.779702	
101.294901	
95.648167	
97.763601	
91.580594	
87.741472	
85.405824	
91.971007	
85.331052	
95.498250	
71.834068	
84.641968	
81.361123	
75.450334	
76.151739	
67.772626	
94.914208	
95.774042	
102.570387	
89.750543	
79.128734	
87.738845	
89.715773	
91.549269	
83.856680	
80.143065	
83.483404	
75.342770	
87.796655	
81.937354	
79.541314	
81.789968	
76.832889	
102.130272	
107.404043	
107.699470	
103.366239	
101.909199	
98.527417	
88.208725	
96.409487	
101.400977	
91.682819	
94.948193	
83.834997	
106.666079	
108.420658	
110.466622	
99.540349	
97.403939	
101.516641	
99.534299	
97.362955	
102.835911	
101.400977	
104.407730	
107.033399	
107.962945	
106.030040	
108.575681	
108.634210	
109.448569	
108.051168	
106.667821	
105.678050	
99.811734	
116.446372	
113.345750	
111.614457	
114.167484	
112.099755	
112.547626	
107.661976	
106.267444	
103.825298	
109.265598	
116.131834	
115.936253	
115.856610	
119.255019	
113.848299	
113.417892	
116.889904	
111.425231	
113.719105	
116.186328	
114.261583	
112.852127	
110.349220	
113.128334	
107.005296	
107.719126	
106.742772	
107.145999	
66.048054	
70.192283	
64.718572	
60.229829	
72.620977	
71.640603	
69.939269	
57.712053	
72.548274	
64.431246	
71.024512	
70.119980	
73.713304	
69.844120	
76.480429	
78.651317	
76.373681	
71.206834	
80.184248	
71.209248	
68.142452	
79.556242	
74.606793	
79.775318	
85.905797	
85.412270	
84.467661	
75.298780	
79.877470	
79.756637	
60.921969	
68.407929	
71.195965	
68.013954	
69.924815	
76.414167	
68.526885	
74.209648	
67.847058	
71.565659	
79.298886	
74.567786	
76.331976	
78.945080	
71.454476	
74.029513	
79.367233	
76.079434	
76.293958	
72.639156	
74.620202	
76.257169	
82.929621	
72.567659	
77.874816	
87.857124	
77.962469	
85.549036	
87.196271	
80.095655	
81.413885	
76.405579	
60.472947	
52.824369	
69.717681	
73.948000	
67.363379	
76.508656	
86.325845	
80.903247	
77.249855	
78.490351	
71.976806	
80.069460	
79.955988	
75.276787	
84.198925	
68.826174	
83.351129	
75.116776	
71.533026	
73.164291	
75.181502	
82.341121	
79.998376	
85.215107	
78.473023	
69.294018	
68.218121	
79.938537	
81.283264	
74.095226	
74.039248	
77.774858	
79.158532	
79.306340	
70.304370	
79.399551	
79.363505	
85.876030	
88.476769	
81.999119	
74.213300	
87.235507	
73.150942	
85.090255	
75.033753	
79.441820	
69.994681	
75.535925	
82.649658	
82.897925	
85.310432	
85.215107	
78.875630	
85.104409	
87.555091	
73.980846	
82.775011	
84.550943	
82.459916	
81.053653	
79.239255	
89.963423	
76.468158	
78.144059	
101.524465	
84.178470	
107.805006	
107.831882	
109.375641	
104.306863	
105.787104	
103.925162	
107.045698	
108.588477	
108.043959	
109.851438	
107.347343	
109.323375	
109.105797	
104.056442	
111.034449	
108.524544	
109.155891	
106.893082	
110.222656	
108.477121	
108.309797	
104.726625	
107.280117	
105.718914	
108.438863	
108.038553	
112.994081	
111.298392	
109.248843	
110.911102	
113.573426	
112.793879	
110.916965	
112.438616	
109.988035	
66.048054	
61.020142	
60.229829	
72.620977	
71.640603	
69.939269	
60.948308	
57.712053	
72.548274	
64.431246	
68.351462	
71.024512	
70.119980	
73.713304	
76.773907	
79.378420	
74.633613	
78.569581	
70.664910	
70.961743	
80.676618	
72.329031	
69.368618	
79.044333	
74.553161	
80.140569	
76.493929	
70.095882	
84.386988	
85.974416	
75.391658	
81.586103	
65.840766	
76.507429	
69.215819	
66.358450	
65.567629	
70.929154	
67.909488	
65.909060	
63.719048	
75.882225	
67.706605	
80.384039	
81.593650	
75.004457	
73.099974	
62.574939	
80.756721	
78.079806	
73.539517	
77.924195	
74.597042	
69.355382	
75.972850	
84.929529	
72.072397	
77.784728	
73.359746	
83.149120	
77.829151	
72.434397	
85.879913	
80.314089	
78.537390	
75.702291	
79.079083	
56.698205	
68.118431	
64.796395	
62.584514	
83.338416	
81.177832	
71.012440	
78.063746	
70.676972	
77.027139	
79.389606	
69.475722	
77.744014	
71.900592	
74.755550	
73.337889	
78.486638	
70.954501	
79.141150	
77.472776	
76.953355	
74.449580	
70.521386	
75.586068	
74.117134	
75.642338	
69.375837	
72.060295	
72.593106	
73.848264	
72.858578	
85.550327	
85.529674	
79.997130	
90.624948	
89.560787	
80.839361	
84.890982	
79.532606	
76.718623	
74.361867	
79.630899	
81.435247	
79.244223	
88.096678	
83.056461	
74.799459	
83.468134	
89.632907	
83.871988	
85.929097	
86.541585	
85.995138	
88.029500	
77.920491	
82.845961	
84.228333	
82.655987	
76.032875	
78.757867	
78.853312	
100.901972	
88.454299	
81.337259	
87.959730	
106.828347	
107.610255	
107.720912	
105.787104	
108.535496	
106.103873	
105.239433	
102.422215	
107.498127	
109.860907	
107.803215	
110.351142	
109.570448	
109.649426	
110.420382	
103.650615	
111.935786	
109.969032	
108.989179	
111.264786	
108.907952	
109.747454	
108.190214	
108.895046	
108.946697	
108.173935	
108.652518	
108.264457	
109.122487	
115.158415	
112.297296	
111.994390	
113.407272	
111.266763	
112.617773	
109.508518	
109.020611	
69.469704	
70.192283	
64.718572	
61.020142	
60.229829	
72.620977	
71.640603	
60.948308	
72.548274	
64.431246	
68.351462	
71.350570	
71.024512	
70.119980	
70.626310	
79.185850	
77.304026	
74.548285	
77.635482	
71.907850	
82.797812	
72.405327	
77.855068	
65.324484	
69.052233	
74.537317	
76.885739	
74.683602	
69.428785	
81.748420	
86.364807	
83.438876	
83.337144	
81.490545	
67.824248	
77.208003	
66.201444	
60.328038	
61.903540	
69.047424	
62.754450	
65.893484	
64.450400	
65.976159	
80.182999	
80.377793	
70.118775	
71.226157	
63.923715	
79.434362	
77.100945	
71.762717	
72.373839	
74.411812	
80.908258	
90.583139	
83.234211	
64.614412	
83.615792	
81.361123	
72.307236	
60.525636	
57.937711	
68.891098	
86.180490	
87.926834	
82.844693	
79.526386	
77.308951	
70.087449	
70.359821	
76.943519	
56.936174	
69.247097	
64.410895	
79.825142	
84.120956	
80.984701	
74.158518	
71.514898	
77.126781	
68.882681	
69.278377	
75.843045	
80.432771	
73.757068	
70.399605	
66.871578	
61.515738	
81.866794	
87.442353	
87.094319	
79.597301	
85.613596	
73.984496	
83.763593	
78.125522	
69.167701	
81.233051	
74.395975	
76.841492	
85.693694	
83.449052	
89.324733	
86.875018	
90.109613	
82.593977	
89.391363	
82.281757	
80.515269	
82.540845	
84.866574	
81.228030	
93.218885	
96.806185	
89.330063	
85.910975	
107.434198	
110.468549	
107.787099	
104.480620	
106.727073	
106.160622	
97.475721	
104.746628	
100.477899	
106.227786	
111.248983	
110.157640	
110.665800	
108.634210	
110.287797	
111.189795	
111.865208	
110.274375	
108.103477	
109.948139	
109.745565	
105.305206	
105.391362	
105.603231	
106.502705	
109.442954	
110.003247	
109.137330	
108.530021	
109.065031	
114.117289	
112.022721	
111.800820	
112.856292	
110.192044	
108.685497	
109.811699	
111.790773	
108.815866	
108.397005	
57.063539	
60.337620	
55.475773	
54.028654	
66.191856	
58.432036	
52.722656	
45.233283	
56.955401	
61.056058	
63.748969	
59.726707	
64.215774	
61.738370	
61.307455	
79.655793	
74.128087	
69.709253	
73.927321	
63.434204	
66.925544	
61.133875	
66.386019	
66.246985	
62.482790	
69.800767	
73.126669	
72.224904	
70.317630	
83.421067	
71.547529	
79.126252	
75.996123	
67.288992	
75.523695	
69.752600	
56.098109	
67.002299	
71.379564	
65.366403	
73.296607	
63.380350	
69.431192	
65.101734	
66.665338	
76.274336	
80.833100	
76.786195	
78.103281	
79.236770	
70.433362	
62.780778	
79.603522	
78.419812	
71.861887	
66.419581	
68.126839	
73.116963	
75.692501	
89.933941	
77.880988	
73.261399	
79.676954	
76.119873	
76.895574	
81.761009	
79.897408	
79.467933	
76.783737	
55.103506	
65.415509	
69.389074	
60.731596	
88.454299	
85.800996	
79.436847	
80.215451	
78.118109	
78.718214	
73.921238	
71.477434	
79.388364	
78.508917	
72.017944	
81.421424	
73.548022	
74.904380	
78.669897	
82.237564	
80.339068	
89.272791	
68.751638	
69.982634	
79.992143	
84.376747	
68.005547	
78.145295	
75.115555	
81.582329	
66.882371	
75.818561	
71.753044	
71.345737	
83.154199	
88.558762	
92.473034	
79.630899	
85.863091	
79.459230	
87.660059	
73.757068	
77.816810	
76.271884	
80.969661	
74.229128	
72.423496	
80.267885	
85.006655	
81.088766	
88.417297	
74.095226	
84.550943	
81.926013	
84.333231	
87.238122	
79.298886	
86.732940	
84.698406	
78.824798	
91.091434	
87.564272	
79.474151	
83.285034	
90.072040	
93.834171	
94.310550	
80.600304	
85.907091	
87.260361	
109.276774	
110.066064	
108.052972	
109.951936	
107.248311	
107.867747	
111.778719	
109.951936	
110.389591	
111.146458	
112.916754	
106.048916	
110.807696	
110.790168	
109.666372	
107.588873	
111.919640	
109.356966	
109.420502	
114.999934	
111.403394	
112.870875	
115.040591	
114.198084	
113.206241	
110.952166	
112.829229	
113.111516	
112.236062	
111.486853	
111.091388	
57.063539	
60.337620	
55.475773	
54.028654	
47.417647	
64.359420	
66.191856	
58.432036	
52.722656	
45.233283	
65.508935	
56.919351	
64.215774	
61.307455	
63.802828	
71.404936	
72.907087	
66.863183	
74.410594	
58.685097	
64.380967	
63.800434	
72.870705	
62.631186	
60.009435	
71.981645	
68.433161	
70.256157	
81.103815	
83.852854	
85.598099	
68.645864	
76.610549	
76.419074	
60.920771	
68.647065	
63.968001	
67.695801	
62.322424	
63.746576	
66.318897	
54.331669	
61.382870	
77.089872	
70.629930	
77.082491	
81.166539	
79.163499	
73.788680	
73.831238	
66.374032	
60.925560	
78.845874	
76.926306	
66.908754	
77.033288	
69.863389	
72.961666	
71.520940	
66.969917	
66.148714	
70.486416	
81.640193	
88.916526	
76.611777	
68.935586	
69.369821	
81.662839	
77.866176	
76.425209	
74.914142	
76.874677	
58.569969	
45.683917	
63.008159	
64.322310	
63.020125	
59.854901	
80.702898	
84.852446	
73.861641	
78.313427	
74.917803	
66.501094	
68.987293	
76.875906	
76.772678	
63.881822	
67.938306	
65.735339	
78.603015	
85.061953	
88.499245	
76.219161	
69.265143	
78.655033	
76.695286	
68.219322	
73.937051	
68.201305	
81.303353	
63.709473	
65.464617	
66.286536	
87.607563	
80.716665	
80.574038	
87.130907	
86.475265	
85.929097	
75.122883	
86.459665	
71.830440	
72.184957	
79.093977	
69.078692	
80.010845	
78.612922	
88.978921	
88.101948	
70.406837	
86.975482	
91.134815	
82.281757	
85.328474	
86.480465	
86.005500	
87.679750	
78.194732	
84.023872	
81.677938	
81.947436	
75.395325	
89.311413	
82.289335	
91.191783	
88.953693	
108.740527	
109.574206	
105.809288	
109.405543	
107.276582	
106.849331	
102.500232	
102.797438	
111.304327	
111.530658	
109.683328	
111.554578	
109.843865	
112.434510	
111.586499	
112.432457	
109.465420	
110.700732	
108.508123	
108.058380	
110.836928	
109.141042	
112.783490	
109.630606	
110.638656	
111.286527	
110.047016	
114.517143	
110.716267	
113.017109	
114.543725	
113.263229	
111.419274	
113.965105	
112.752346	
109.557303	
110.033690	
57.063539	
60.337620	
60.409476	
55.475773	
54.028654	
47.417647	
64.359420	
66.191856	
58.432036	
52.722656	
45.233283	
61.307455	
65.962978	
70.896568	
76.793566	
73.231050	
59.829742	
60.768714	
65.750912	
60.895629	
60.954294	
69.321691	
68.987293	
67.587780	
68.316623	
64.401318	
77.873581	
81.344795	
84.797229	
77.179695	
70.663703	
57.088770	
54.919088	
51.848636	
59.561356	
57.331417	
66.033674	
53.811238	
55.895949	
75.529809	
67.446173	
75.153412	
71.286547	
67.116245	
65.369996	
64.527017	
75.155855	
76.508656	
69.336129	
67.947911	
60.316062	
64.039817	
67.432973	
84.410032	
70.685416	
93.231368	
66.690516	
77.708242	
74.726280	
63.021323	
81.594907	
77.684808	
72.148644	
48.774292	
59.428342	
54.161472	
63.101504	
51.916586	
80.527772	
82.796546	
83.465591	
75.739002	
69.320488	
64.346252	
74.995912	
73.652529	
76.597043	
76.674405	
69.850142	
60.556771	
81.966343	
81.917191	
81.012278	
89.025409	
62.819073	
72.119595	
75.874879	
70.942430	
62.595284	
69.445634	
67.572178	
77.826683	
65.332867	
59.274938	
59.379207	
58.845776	
87.535419	
82.381553	
83.761043	
79.028202	
79.857534	
67.133039	
74.064802	
66.445952	
78.447035	
75.560384	
79.271553	
78.940119	
75.985099	
87.928149	
79.387120	
80.746705	
83.027278	
85.616179	
84.335790	
76.775136	
75.879776	
75.857737	
78.476736	
73.571108	
86.640480	
85.343940	
74.052634	
83.781440	
95.837056	
92.510179	
89.506061	
87.043376	
107.205944	
107.149522	
108.220979	
107.569283	
107.028128	
107.953955	
105.071217	
101.438464	
112.274829	
111.351841	
109.989937	
110.940429	
111.472928	
111.268739	
106.559987	
110.930650	
107.765621	
110.993282	
105.966608	
106.737539	
110.094655	
111.288504	
112.189201	
110.985446	
109.636250	
112.752346	
114.663689	
110.952166	
110.071780	
110.784327	
107.715551	
40.541687	
44.600587	
46.679093	
43.442734	
39.553282	
38.061528	
45.827367	
43.442734	
37.677175	
33.827480	
48.485305	
41.751889	
46.086866	
48.117566	
50.573582	
63.673568	
65.616742	
66.294926	
60.216654	
64.412091	
52.108245	
47.920035	
52.565200	
57.071950	
64.707796	
50.339737	
57.312201	
58.355264	
75.021545	
76.741964	
76.875906	
64.791606	
71.876400	
59.237782	
71.007611	
58.957278	
51.643500	
63.172113	
54.802139	
58.355264	
65.417904	
58.976460	
51.059066	
72.450144	
65.786854	
75.381880	
74.214518	
74.823856	
67.227807	
69.238675	
64.699415	
53.626359	
73.771658	
72.256383	
59.505037	
65.028687	
67.304589	
63.324102	
70.621486	
77.134164	
75.265791	
68.868253	
77.720577	
76.068406	
66.923146	
82.861168	
71.592250	
77.465383	
75.704738	
57.338623	
45.844675	
65.887493	
68.006748	
63.385137	
51.739404	
83.019666	
76.996393	
78.123051	
71.014854	
69.268752	
77.454294	
64.146348	
76.439934	
64.461174	
77.226465	
68.137649	
67.512172	
62.789155	
80.093160	
81.233051	
77.734146	
89.067929	
75.281674	
80.690384	
69.999499	
68.299804	
63.364792	
72.507080	
71.334865	
76.947207	
66.887168	
66.485511	
70.917085	
67.919094	
87.055130	
89.058627	
88.433153	
76.016949	
73.865290	
86.308964	
68.768468	
74.318021	
65.662263	
74.108614	
77.424725	
84.905115	
83.814593	
70.982262	
88.750752	
79.551266	
80.090666	
83.405805	
87.403050	
87.234198	
83.894951	
87.744099	
85.310432	
81.449069	
92.168197	
92.320489	
89.681016	
82.058383	
86.966346	
108.027743	
109.349500	
107.531910	
107.175960	
107.151284	
110.545764	
108.592133	
111.111046	
108.963314	
109.845758	
109.504770	
111.484864	
112.721235	
105.269777	
111.345898	
110.860334	
110.586372	
112.498213	
109.847651	
110.833029	
113.460417	
106.989498	
111.284551	
109.823047	
109.715375	
110.027980	
109.480406	
114.930073	
111.824950	
114.312056	
114.292293	
111.594485	
113.155682	
113.352108	
113.626894	
111.744593	
111.921658	
110.155729	
40.541687	
44.600587	
46.679093	
43.442734	
39.553282	
45.827367	
48.154361	
43.442734	
37.677175	
33.827480	
48.485305	
41.751889	
48.117566	
46.605134	
50.573582	
45.678969	
61.311046	
67.576979	
54.354600	
47.135987	
51.084599	
64.398924	
49.875247	
54.700843	
61.301470	
58.662312	
58.032518	
76.171350	
77.296638	
57.892104	
54.673103	
60.420254	
49.199953	
52.373751	
57.762471	
51.563358	
58.544782	
46.675396	
50.102082	
47.412729	
69.729722	
64.809565	
71.221326	
74.464200	
65.421497	
71.959869	
59.623665	
63.575427	
68.405526	
69.474518	
55.464935	
64.953249	
56.551538	
56.027120	
60.689687	
81.357355	
78.013103	
86.533782	
65.226279	
77.252317	
65.964176	
74.862895	
71.699842	
69.457669	
48.935816	
54.025032	
61.187745	
55.906780	
73.192207	
68.159267	
62.784368	
70.173001	
69.665909	
60.929153	
77.354515	
56.909738	
66.272155	
58.894935	
60.367560	
63.380350	
77.695909	
80.988462	
72.315711	
65.516122	
65.891087	
67.056272	
60.662148	
64.483920	
76.376136	
58.932101	
65.449045	
63.120652	
54.728580	
82.504169	
79.349834	
86.116948	
90.666775	
84.534283	
83.822243	
79.791509	
67.844657	
64.791606	
69.964565	
86.276508	
83.976630	
69.336129	
82.834556	
79.964715	
83.897504	
83.880918	
85.700156	
77.549184	
77.280632	
84.435643	
80.406530	
78.543580	
72.945899	
82.510491	
80.441519	
73.401037	
83.910262	
90.374353	
92.636861	
84.306360	
107.644133	
108.746034	
110.085122	
109.241397	
106.452429	
108.553756	
105.802461	
102.709378	
109.452313	
101.935996	
112.902148	
109.102090	
111.292460	
109.521647	
110.460838	
110.694906	
106.433374	
112.659114	
108.402463	
112.706728	
111.284551	
108.852672	
108.941159	
106.324409	
110.391515	
108.865563	
111.181911	
110.054634	
111.427218	
109.938647	
114.905330	
114.086782	
113.185163	
112.477649	
113.149368	
113.056932	
110.526444	
110.218828	
40.541687	
44.600587	
46.679093	
43.442734	
39.553282	
45.827367	
48.154361	
43.442734	
37.677175	
33.827480	
48.485305	
43.255468	
46.086866	
50.573582	
45.678969	
55.345688	
60.597485	
62.062720	
62.770008	
53.609439	
46.544718	
57.181273	
47.346335	
47.449608	
57.130818	
48.513482	
57.727660	
59.675188	
60.650174	
56.278556	
69.313268	
75.361102	
59.234186	
70.075399	
68.560534	
55.090250	
59.890839	
49.209733	
45.838493	
42.119928	
62.159661	
48.188696	
48.444876	
61.197323	
40.774170	
47.760441	
47.799733	
69.094329	
72.548274	
64.527017	
65.355624	
62.366704	
55.881507	
47.540557	
45.263018	
59.714727	
50.291001	
56.279759	
79.185850	
62.723336	
77.687276	
66.955526	
65.147240	
74.770186	
76.007148	
65.470606	
68.956027	
62.201549	
43.810602	
44.368205	
50.415266	
50.348265	
54.260459	
45.326196	
76.959503	
82.518079	
81.003503	
71.986486	
66.230208	
56.809988	
66.306912	
66.796032	
68.088408	
67.159429	
67.759422	
67.117446	
56.462561	
50.917987	
78.698390	
78.262727	
74.543410	
63.010552	
73.861641	
67.348982	
63.342053	
58.242496	
69.550345	
59.961519	
52.110670	
53.865602	
86.554593	
80.745454	
82.146687	
81.048637	
80.765484	
81.982730	
76.858699	
63.273837	
66.563432	
70.692654	
73.749775	
75.420995	
77.837790	
71.876400	
75.670477	
87.639057	
84.000888	
78.486638	
81.393784	
80.427773	
85.810050	
79.699361	
81.137684	
72.979861	
70.140465	
78.357954	
74.931228	
79.599790	
81.392527	
65.591586	
82.212315	
87.221118	
85.983482	
81.554664	
106.686982	
107.446620	
110.404984	
105.479377	
108.034949	
98.698860	
107.340262	
98.209575	
103.492790	
112.572365	
112.166814	
111.093353	
111.758640	
109.551671	
110.675500	
110.130904	
104.179843	
109.815481	
111.116944	
108.828743	
111.099250	
108.098063	
105.401509	
107.001785	
109.261875	
111.111046	
111.195708	
111.654440	
111.968106	
111.341935	
110.326173	
114.916575	
113.282250	
109.717262	
112.623970	
114.541510	
110.443494	
108.948542	
110.725981	
109.564814	
108.976244	
106.601696	
38.560039	
39.781796	
44.190356	
39.057280	
37.561718	
34.298680	
47.565134	
38.138305	
30.329098	
46.716066	
40.996308	
42.015731	
42.918015	
47.159368	
47.159368	
42.767878	
56.793161	
62.218304	
65.650283	
53.376114	
51.196445	
49.469988	
67.569777	
51.995444	
50.403084	
56.498633	
66.327287	
51.923867	
49.786181	
58.781028	
57.116401	
56.653727	
74.094009	
77.382843	
68.419944	
58.884144	
58.486012	
52.332542	
58.753450	
52.922424	
53.064025	
43.236733	
72.671879	
73.629438	
73.330604	
74.668969	
66.448351	
69.130412	
64.505468	
72.187377	
65.731745	
62.221894	
71.456893	
59.584123	
57.088770	
62.869337	
62.640760	
68.250554	
78.871912	
88.675240	
72.509503	
67.468972	
75.792855	
69.260331	
82.012987	
70.909843	
77.352052	
72.210378	
52.956316	
46.106627	
63.132620	
63.169719	
66.424376	
56.064421	
84.634273	
84.477908	
75.571391	
78.413625	
72.126858	
68.493239	
76.377362	
60.693280	
80.355307	
60.263365	
76.295183	
65.849153	
71.653901	
61.344565	
78.766543	
78.857033	
72.613707	
70.800029	
75.078925	
77.359442	
69.144846	
71.098156	
65.114906	
72.393216	
73.509144	
78.414863	
70.924326	
69.643035	
86.358312	
80.876939	
78.047688	
86.205136	
89.207565	
78.309717	
86.523376	
74.699452	
85.179055	
71.745789	
75.321997	
74.331418	
80.612812	
70.941224	
75.374547	
78.247890	
84.595807	
84.875566	
84.474066	
87.078641	
79.620945	
80.988462	
86.397284	
77.291713	
82.540845	
79.781545	
78.099574	
90.409346	
85.962761	
74.007612	
93.481440	
89.271460	
85.337496	
85.027228	
108.963314	
108.788285	
110.050826	
105.667840	
110.596048	
110.073686	
107.603126	
105.237748	
110.178661	
111.780728	
108.625059	
108.738690	
109.297271	
111.413319	
110.050826	
111.207540	
111.824950	
112.079465	
110.209260	
112.572365	
110.821334	
110.047016	
105.775162	
109.700291	
109.167033	
108.812187	
111.879311	
113.313982	
114.873876	
114.117289	
113.405147	
113.464673	
113.581974	
112.935543	
111.955982	
113.731996	
109.116923	
38.560039	
44.190356	
39.057280	
37.561718	
34.298680	
43.555025	
47.565134	
30.329098	
46.716066	
40.351975	
40.996308	
42.015731	
42.918015	
47.159368	
44.227678	
42.767878	
52.790467	
57.356638	
59.840524	
54.161472	
50.406739	
45.976918	
61.719219	
51.853490	
52.239201	
47.488941	
58.872155	
48.993307	
50.209351	
56.533502	
59.781820	
55.419166	
57.589597	
72.590683	
72.627038	
56.218413	
68.799725	
67.141436	
54.050390	
66.136730	
53.962231	
47.633935	
56.359140	
51.355644	
60.044173	
46.810940	
47.048605	
44.409230	
63.495241	
72.252750	
73.922455	
58.232898	
54.563337	
64.768857	
64.213380	
68.083604	
57.685643	
53.696452	
50.448153	
54.726168	
78.282510	
66.846395	
87.251204	
72.533734	
63.100308	
73.336675	
65.397543	
67.021490	
75.069158	
68.170076	
71.553572	
47.309443	
49.834986	
53.932037	
51.004343	
45.272930	
78.212037	
84.108178	
85.011797	
69.142441	
70.988297	
72.627038	
63.364792	
63.953637	
58.694690	
65.915050	
61.327805	
64.556946	
61.388855	
78.635215	
80.599053	
77.871113	
86.848936	
71.911480	
76.336883	
59.576935	
66.486710	
65.562837	
72.765218	
59.914800	
58.472818	
64.403713	
63.102700	
86.877627	
77.758819	
79.619699	
88.336728	
89.455365	
76.419074	
83.648908	
72.335086	
82.878911	
68.284188	
73.267469	
79.074118	
67.164228	
65.528101	
71.742160	
70.221205	
89.005483	
69.664706	
85.573565	
87.163585	
79.832615	
81.928532	
83.940891	
78.341873	
77.871113	
72.822201	
82.028117	
80.192984	
73.494565	
80.689132	
90.674872	
95.179397	
88.648757	
82.161829	
86.109170	
84.834466	
106.765459	
107.515905	
110.056538	
109.482279	
106.707894	
106.167505	
108.714835	
103.143119	
108.098063	
110.230312	
111.826962	
111.684462	
110.478192	
110.611536	
112.906320	
106.896584	
112.242180	
108.246336	
111.225295	
111.506757	
109.698406	
109.111360	
109.237675	
108.878458	
111.383556	
109.692751	
111.026604	
109.540408	
115.128907	
114.261583	
111.270715	
112.179023	
114.237479	
114.422115	
112.448883	
110.211174	
112.665320	
112.403735	
109.211632	
109.929156	
38.560039	
37.561718	
34.298680	
47.565134	
38.138305	
36.519361	
30.329098	
46.716066	
40.351975	
42.015731	
42.918015	
47.159368	
44.227678	
42.767878	
56.991449	
60.832173	
59.995060	
51.701773	
58.595153	
43.138039	
52.746877	
45.630722	
46.395475	
54.084199	
45.895354	
46.367098	
57.788880	
60.635804	
56.879693	
51.153899	
52.941792	
75.572614	
72.630673	
71.782065	
57.577591	
67.459373	
68.506457	
55.975377	
47.397976	
42.443505	
57.780477	
46.756731	
36.768260	
43.688457	
42.787903	
42.417185	
68.904323	
57.229322	
65.773675	
74.111048	
61.978941	
63.984758	
63.447370	
54.996239	
55.204728	
47.193817	
64.070937	
60.559167	
57.563183	
57.371050	
54.979363	
58.861364	
63.289395	
78.166304	
65.077783	
61.966973	
71.020890	
66.722889	
75.363546	
67.340583	
64.853867	
64.123605	
61.398431	
40.478469	
35.982997	
48.256133	
53.247917	
41.939123	
77.272014	
82.645861	
81.169048	
79.192059	
74.260785	
61.083593	
54.998649	
64.451598	
71.432727	
66.611386	
64.601242	
56.476989	
64.093680	
64.348646	
51.263293	
75.545708	
83.253268	
67.998343	
71.796577	
65.906663	
57.636421	
57.662833	
57.622013	
61.308653	
52.686326	
50.415266	
52.932109	
48.611463	
52.402837	
86.316754	
79.970948	
78.525010	
83.469408	
81.436504	
74.389883	
77.188310	
63.866263	
70.707131	
70.126005	
75.374547	
77.536859	
77.103405	
81.737091	
75.966725	
87.285222	
84.301242	
81.327212	
83.960037	
81.054906	
72.555544	
68.755246	
77.423494	
82.067212	
60.690885	
80.150552	
62.219501	
90.862649	
93.761553	
86.740756	
84.515062	
108.466187	
108.076412	
108.930087	
105.608329	
106.634745	
98.276284	
103.089909	
112.764800	
112.964797	
112.075408	
110.745419	
111.217403	
103.634322	
110.881804	
110.889613	
110.138542	
110.619283	
106.502705	
105.565869	
107.420004	
110.958037	
111.237137	
111.766671	
110.938472	
113.556338	
110.136632	
111.899469	
113.755647	
109.664489	
111.830985	
109.704061	
109.655074	
107.244780	
37.176344	
36.867469	
37.407663	
32.207241	
42.091058	
35.042064	
43.816832	
40.427881	
39.972031	
41.374425	
41.185448	
44.526050	
45.678969	
41.940380	
54.342532	
60.556771	
64.637158	
53.704910	
58.056518	
51.415176	
64.995159	
53.993632	
52.333754	
50.312933	
56.384394	
58.222100	
56.489014	
73.129097	
75.524918	
76.444843	
74.856796	
60.733991	
66.342869	
55.986207	
67.925098	
56.797969	
58.036118	
59.127507	
50.993398	
45.750705	
74.579976	
66.369239	
74.601917	
72.361728	
68.232535	
67.250601	
63.172113	
55.313162	
73.972330	
56.460155	
63.205622	
66.654546	
70.368260	
63.381546	
66.306912	
78.297349	
66.692914	
72.358095	
77.487563	
77.300332	
67.347781	
73.189780	
75.808768	
73.759501	
58.324074	
46.665536	
61.039297	
62.499544	
62.759237	
57.492340	
79.696871	
85.096688	
87.561648	
76.531978	
73.896912	
73.076919	
67.958718	
73.783817	
72.541004	
68.276980	
79.770336	
62.150087	
73.313605	
68.027163	
69.379448	
73.900560	
67.111448	
70.843470	
68.069193	
73.475129	
78.729366	
71.952610	
67.615384	
62.747270	
85.529674	
85.006655	
86.336233	
88.279967	
85.103122	
79.813930	
84.406192	
74.018563	
85.844977	
71.122305	
73.428971	
77.874816	
81.384989	
68.039171	
67.483371	
81.646482	
75.052065	
87.416151	
84.485594	
68.662691	
82.313331	
79.741695	
78.746715	
87.278680	
76.126001	
82.019291	
78.917793	
77.899504	
79.337405	
77.843960	
89.856259	
85.031086	
80.762979	
91.550630	
85.715664	
108.911639	
108.331581	
111.138585	
105.805874	
110.029883	
110.195870	
107.453721	
106.676529	
111.038373	
105.403200	
109.604274	
111.632443	
110.215001	
108.255395	
111.264786	
112.798036	
111.968106	
112.628102	
113.004546	
109.016912	
110.075591	
109.606154	
112.588868	
106.893082	
109.459802	
109.299136	
109.904494	
111.980233	
113.297053	
114.512715	
114.088961	
113.956436	
110.862285	
112.960616	
112.933456	
113.006639	
111.945883	
112.768952	
109.168890	
37.176344	
36.867469	
42.730331	
37.407663	
33.512604	
32.207241	
42.091058	
44.488772	
39.057280	
29.563148	
40.427881	
39.972031	
41.374425	
41.185448	
44.526050	
41.940380	
42.805422	
53.540540	
57.291781	
63.752560	
58.242496	
52.699647	
47.935989	
62.224288	
50.743999	
47.084300	
57.555978	
48.284329	
50.144750	
54.605558	
59.137096	
57.240133	
55.593789	
56.722247	
73.267469	
55.454094	
68.736012	
65.800033	
52.322844	
65.227476	
51.509923	
58.115314	
52.817105	
57.815287	
43.578724	
48.455902	
44.125653	
72.032464	
73.391321	
58.136913	
68.537700	
55.746694	
66.062433	
60.244201	
50.711139	
62.555792	
56.547931	
60.204677	
63.769316	
46.840506	
59.080756	
54.430624	
77.360674	
85.995138	
59.014824	
65.730546	
66.881172	
74.247392	
68.120834	
67.658592	
69.275970	
47.160598	
44.949381	
50.681928	
50.081357	
44.391826	
76.437479	
84.978371	
81.610001	
70.504502	
63.488060	
71.771181	
66.981911	
71.047448	
56.360342	
79.009589	
80.825585	
77.038208	
86.332338	
62.732909	
67.730612	
76.361415	
67.364578	
67.226608	
57.797282	
63.404285	
73.692639	
58.447629	
64.133181	
50.707487	
63.308544	
86.126023	
80.494016	
79.127494	
89.420692	
76.157868	
82.520610	
71.998585	
83.156738	
67.980332	
72.189799	
68.379094	
69.452855	
69.691193	
71.801414	
89.571469	
84.422837	
69.527475	
76.083110	
83.408348	
82.561084	
82.967662	
78.466835	
74.441051	
84.929529	
72.958028	
91.947754	
92.180537	
89.828148	
85.895442	
107.043942	
107.690541	
110.130904	
106.504439	
108.970703	
108.780933	
108.542800	
104.470674	
112.268705	
111.780728	
111.453045	
110.780435	
113.052738	
111.788763	
111.750612	
111.199652	
109.403674	
108.002531	
106.556513	
109.866589	
108.887673	
111.042297	
109.626842	
111.415304	
110.171015	
110.576698	
114.741746	
111.847085	
112.344328	
114.576993	
112.506443	
110.272459	
112.496156	
111.179939	
109.202337	
37.176344	
36.867469	
42.730331	
37.407663	
33.512604	
42.091058	
44.488772	
35.042064	
43.816832	
40.427881	
39.972031	
41.374425	
41.185448	
44.526050	
42.805422	
48.460802	
58.396049	
58.984852	
50.264193	
60.178326	
61.582769	
47.826744	
41.472628	
48.681257	
56.153452	
47.651133	
55.923629	
59.283328	
52.391930	
53.839025	
63.811207	
74.020996	
75.230363	
74.409376	
56.203977	
69.555159	
66.360848	
39.692960	
45.785329	
53.893385	
44.578228	
49.273288	
35.456697	
38.125511	
41.324047	
67.302189	
57.306195	
67.951513	
61.012958	
64.512651	
65.316100	
53.636027	
55.064941	
61.410401	
44.824068	
58.674305	
56.290583	
54.604352	
57.846495	
74.999573	
62.075884	
76.479202	
83.520308	
65.110115	
64.555750	
62.711367	
73.260185	
61.196125	
66.067227	
59.285724	
61.428357	
40.288699	
33.206332	
54.219418	
52.341026	
39.695499	
78.577010	
85.157173	
82.561084	
72.247908	
69.576826	
66.605391	
71.716769	
66.784040	
62.287717	
66.037268	
55.070966	
63.660402	
56.925359	
58.129713	
83.702416	
68.868253	
52.434345	
68.730002	
63.424631	
62.135725	
55.650381	
55.641952	
57.003464	
68.192897	
45.384405	
54.898595	
50.144750	
51.343495	
85.235712	
79.296400	
80.204217	
84.503531	
84.439484	
80.909511	
64.450400	
78.360428	
67.196617	
66.387217	
70.780724	
76.468158	
67.931101	
72.865854	
78.030394	
78.041511	
87.391264	
75.668029	
84.716370	
78.873151	
79.972195	
87.157049	
79.172191	
68.355067	
75.183945	
64.590467	
81.046129	
57.103186	
81.105069	
92.594154	
92.068180	
87.379477	
81.475463	
82.421994	
83.585231	
107.082622	
107.918011	
108.939314	
104.396145	
106.737539	
109.245119	
103.230311	
101.799000	
106.136538	
99.487424	
101.491612	
113.126230	
111.564549	
111.760647	
110.922830	
109.675790	
110.485908	
104.257335	
110.811592	
112.313646	
108.928242	
105.523450	
105.946057	
107.613820	
107.878511	
110.739587	
112.095696	
110.926740	
113.077913	
110.920874	
110.408832	
111.061925	
111.706497	
109.217211	
112.628102	
110.592177	
107.792470	
106.568673	
106.933374	
31.570448	
35.782255	
34.768563	
30.810829	
30.127917	
40.958460	
26.126455	
35.704488	
37.523216	
39.133668	
42.166360	
40.731230	
38.789691	
39.286356	
57.955713	
60.505279	
50.756169	
55.869472	
47.669559	
43.689703	
42.905507	
59.395985	
46.257261	
47.883212	
56.507050	
55.067351	
76.468158	
73.583259	
60.984226	
72.123226	
66.366841	
55.103506	
65.284962	
54.279772	
47.729741	
50.793893	
59.201824	
58.124914	
49.176727	
49.208510	
49.253733	
67.358580	
74.102529	
67.754620	
69.337333	
65.432278	
65.295740	
66.792433	
53.195902	
74.103745	
67.761823	
55.496248	
54.045560	
53.745994	
64.125998	
78.712020	
68.397116	
81.428963	
86.893278	
70.052509	
76.498838	
70.007933	
66.598198	
72.761580	
72.840389	
69.365009	
46.475656	
59.636846	
48.014521	
78.734323	
84.220661	
85.436776	
82.999370	
77.725512	
74.651901	
71.704678	
68.307013	
75.740226	
71.151284	
63.009355	
76.358962	
62.626399	
71.969548	
65.578410	
77.471544	
87.713890	
65.292147	
78.507680	
73.238334	
69.219428	
72.375050	
64.292385	
73.466626	
71.023304	
76.902949	
68.080001	
61.624661	
70.924326	
66.432767	
66.714495	
85.501282	
86.880234	
88.339368	
85.282086	
72.782190	
73.278395	
77.832852	
69.135223	
66.750467	
78.404965	
84.166965	
70.427334	
81.952478	
79.879962	
77.384075	
82.595243	
82.339858	
85.670435	
79.999624	
79.967209	
77.885925	
84.910254	
85.363276	
77.977287	
81.151483	
88.565377	
95.509662	
91.763313	
89.235515	
84.720219	
108.943005	
109.198620	
110.534170	
110.514856	
110.472406	
107.103737	
106.238127	
106.400483	
111.875280	
107.778148	
110.197782	
110.687142	
110.879851	
111.901485	
112.692228	
106.943891	
111.572529	
109.521647	
113.524326	
109.948139	
110.245632	
112.469427	
107.015832	
112.057160	
110.366516	
109.115068	
114.298880	
114.206832	
113.652596	
111.290482	
112.968978	
113.227333	
112.737824	
112.004505	
111.050147	
35.782255	
38.636619	
34.768563	
30.810829	
30.127917	
39.743728	
40.958460	
32.801903	
29.522723	
41.940380	
35.704488	
35.587772	
39.133668	
42.166360	
40.731230	
38.789691	
50.919204	
54.733404	
52.079138	
47.759214	
44.140586	
62.184794	
45.605977	
47.836565	
44.126897	
43.471435	
55.981394	
55.644360	
54.050390	
69.917589	
72.175273	
71.676871	
51.829219	
68.071594	
46.945190	
44.340851	
58.514798	
52.172515	
55.493839	
41.751889	
46.342418	
43.452719	
45.106867	
65.886296	
64.614412	
70.250131	
73.742479	
56.962610	
66.605391	
57.404677	
65.356821	
55.496248	
65.538880	
63.768120	
56.853255	
51.832860	
44.427875	
50.228851	
77.989637	
65.997727	
63.083553	
59.603296	
65.517320	
65.111313	
70.256157	
68.552122	
68.773278	
69.753804	
66.770850	
47.839021	
44.236386	
48.466928	
47.358632	
55.822529	
85.567109	
85.538709	
81.087512	
67.725810	
70.748149	
64.965223	
71.566867	
65.844360	
66.914751	
61.601920	
70.693861	
52.658470	
66.302118	
60.963873	
54.743052	
56.106532	
77.088642	
81.377453	
86.749877	
70.345355	
60.790266	
61.721613	
68.311818	
71.280507	
64.457582	
66.965120	
60.883656	
63.109881	
74.434960	
52.410108	
46.924257	
60.389116	
85.691109	
78.767782	
87.208040	
87.438423	
86.958515	
80.115617	
69.130412	
81.970125	
66.370436	
67.431772	
61.898752	
79.562463	
64.108044	
65.537683	
73.201918	
86.962430	
85.015656	
68.159267	
83.033622	
88.426546	
77.249855	
76.708797	
82.193382	
83.599237	
80.397783	
77.083721	
76.890657	
76.001022	
80.452767	
71.748206	
84.499687	
71.234611	
80.304097	
91.990159	
92.573498	
91.271863	
79.178399	
84.950091	
81.578557	
108.511770	
108.810347	
107.423552	
105.879329	
109.405543	
108.562891	
102.767001	
107.583530	
103.004568	
106.926364	
112.632235	
109.068735	
110.827181	
110.875947	
110.842778	
105.153565	
112.166814	
110.659982	
110.326173	
107.070310	
111.351841	
112.599188	
110.339616	
113.665455	
111.839034	
112.889635	
114.340626	
111.516714	
111.980233	
110.989364	
109.965233	
109.100236	
35.782255	
38.636619	
34.768563	
30.810829	
30.127917	
39.743728	
40.958460	
32.801903	
29.522723	
26.126455	
41.940380	
35.704488	
35.587772	
39.133668	
39.286356	
45.332389	
57.015479	
48.795098	
55.711782	
43.309166	
36.948599	
59.653620	
44.202798	
45.103148	
41.959220	
42.755363	
53.799157	
56.855659	
53.747202	
50.697751	
60.416661	
71.141623	
71.639393	
66.249383	
64.481525	
42.209019	
53.119684	
37.308746	
44.856334	
48.874642	
42.568800	
34.116902	
37.733596	
63.826766	
57.581192	
68.606202	
58.354065	
62.327211	
61.394840	
52.320421	
39.138759	
58.370859	
48.869748	
55.086634	
45.633197	
50.997047	
48.169076	
47.308213	
50.752517	
51.904453	
72.976223	
58.498005	
72.548274	
62.169236	
65.488572	
59.899225	
68.347857	
58.345667	
61.818562	
59.717122	
58.599951	
43.138039	
41.492766	
53.443826	
76.578626	
83.273598	
74.303406	
68.540104	
55.999444	
56.666951	
73.123029	
66.424376	
47.220883	
48.297812	
46.749337	
72.579777	
74.994691	
81.860496	
55.639545	
50.077699	
65.446650	
65.390356	
62.937550	
64.154726	
54.095067	
58.085317	
65.629918	
54.169923	
53.644487	
52.486449	
49.190175	
86.158440	
77.535626	
83.775066	
84.581705	
80.747958	
66.061234	
69.958543	
62.337982	
80.246660	
76.851325	
86.911540	
85.791943	
87.749355	
78.653794	
81.032338	
85.577438	
76.343016	
72.811288	
70.874845	
71.069180	
61.960988	
81.268199	
93.109373	
80.170519	
80.342816	
106.386641	
106.914099	
109.553547	
102.887252	
107.549703	
109.441082	
102.927398	
107.114298	
99.264126	
102.029098	
112.744047	
110.563161	
111.828973	
110.149999	
110.663860	
111.742587	
104.940438	
110.969781	
108.566545	
109.113214	
108.364279	
105.074575	
104.840091	
106.352057	
109.163318	
111.662443	
109.611795	
114.717187	
111.085493	
113.044350	
111.650441	
109.131763	
112.750271	
111.945883	
107.551483	
105.657632	
34.272537	
35.548850	
32.339582	
40.136758	
29.886140	
36.183514	
37.304890	
34.781596	
35.885893	
39.171851	
40.529046	
36.893229	
36.299840	
46.554584	
53.639654	
60.419057	
57.959313	
53.102745	
52.395565	
51.322838	
46.357226	
54.192861	
46.099217	
52.686326	
50.677059	
50.566276	
54.662248	
65.827587	
74.010046	
63.073980	
65.349635	
68.556928	
62.184794	
57.120006	
54.674309	
59.074762	
56.069234	
60.002248	
50.863244	
44.216482	
67.217011	
70.613043	
74.262003	
72.724000	
63.225966	
65.256219	
60.852527	
56.587606	
68.554526	
58.876950	
61.703659	
68.216919	
56.796767	
54.822637	
56.794363	
54.914267	
72.138961	
77.524534	
77.999516	
71.444809	
74.151215	
74.399629	
65.605961	
77.304026	
74.732378	
73.126669	
71.455684	
71.998585	
53.314438	
59.950738	
47.185206	
66.414786	
83.664194	
84.096679	
80.884454	
76.463249	
74.738475	
73.448406	
75.215704	
69.592475	
69.745375	
71.882449	
66.147515	
62.387049	
67.129441	
67.526574	
66.123548	
75.215704	
81.642708	
83.991951	
77.958765	
67.540975	
70.874845	
75.334217	
70.543092	
72.186167	
66.859586	
69.078692	
73.165505	
71.676871	
69.675542	
66.585010	
67.525374	
77.077570	
81.781154	
84.852446	
87.665310	
89.097172	
82.561084	
75.818561	
78.956244	
76.965650	
73.781385	
80.998490	
73.588119	
70.892947	
73.467840	
83.521580	
86.351818	
80.192984	
86.341428	
83.160547	
79.231802	
86.837201	
83.290117	
83.879641	
79.271553	
76.874677	
83.072958	
84.115844	
84.433082	
89.979507	
81.721986	
108.713002	
110.671619	
109.732355	
107.997131	
109.170747	
108.812187	
105.131703	
108.493531	
108.769908	
111.982255	
110.928694	
109.353232	
110.969781	
111.207540	
112.254419	
108.502649	
109.736129	
110.305060	
112.022721	
112.688087	
109.906392	
109.783340	
110.184396	
111.284551	
108.830584	
109.666372	
111.103181	
109.076145	
108.674500	
113.227333	
112.559993	
114.905330	
113.386041	
113.422142	
111.044260	
112.700513	
113.719105	
114.198084	
112.502327	
112.469427	
111.642439	
57.685643	
34.272537	
35.548850	
32.339582	
35.094110	
40.136758	
36.467733	
29.886140	
26.126455	
37.304890	
34.220238	
34.781596	
35.885893	
39.171851	
36.893229	
36.299840	
46.857751	
52.593062	
55.596198	
48.878312	
50.580887	
49.915504	
45.772964	
48.994532	
43.492648	
47.687984	
54.050390	
43.078052	
53.386997	
54.847957	
51.668996	
49.693428	
49.160835	
66.076813	
68.553324	
73.034453	
63.956031	
52.680271	
53.813655	
50.815795	
47.799733	
53.066445	
55.580544	
51.107701	
47.605680	
46.846665	
44.665169	
43.725854	
42.561285	
65.044254	
68.486030	
69.964565	
64.619201	
64.085302	
58.348067	
47.495087	
58.402048	
61.540874	
53.382159	
56.727055	
52.813472	
68.196500	
68.615817	
71.944142	
83.229129	
71.950191	
61.689297	
68.629037	
71.622470	
64.980789	
69.097937	
63.607742	
72.043354	
69.251909	
55.375803	
31.168455	
49.904525	
48.593094	
80.696641	
84.589397	
72.375050	
65.577212	
59.102334	
65.098141	
68.764862	
62.884895	
56.573179	
66.490305	
63.275033	
55.981394	
67.302189	
80.875686	
76.583538	
64.895775	
64.950853	
69.788725	
61.139859	
65.033478	
58.662312	
66.227809	
63.283411	
54.993827	
57.398671	
76.592132	
80.431521	
82.650924	
88.108536	
78.897952	
80.896982	
75.593408	
80.910763	
71.555989	
68.972863	
69.137628	
72.918003	
63.406678	
66.317699	
70.003114	
84.860153	
73.993013	
85.925215	
79.931059	
78.659987	
80.476516	
80.707905	
81.361123	
79.061707	
77.121860	
75.153412	
78.219454	
80.365300	
77.451829	
77.033288	
75.337884	
77.018530	
88.196857	
89.923224	
85.376167	
85.844977	
107.105497	
109.265598	
106.659114	
107.919808	
108.930087	
103.750125	
105.415042	
111.686465	
111.217403	
111.132682	
112.375041	
110.441567	
110.349220	
111.318177	
107.526575	
113.237885	
109.921566	
110.887661	
109.422373	
106.784664	
107.703044	
108.380639	
109.857118	
111.144490	
110.885708	
114.309858	
114.150014	
112.036897	
114.250624	
110.924785	
112.409888	
111.156302	
109.120633	
110.066064	
106.922859	
33.276049	
34.768563	
29.401384	
41.261059	
34.023975	
27.773598	
25.295199	
41.374425	
35.237156	
33.709472	
36.170583	
40.465824	
48.084449	
53.600978	
54.095067	
56.163076	
48.193602	
55.552848	
42.950531	
39.241834	
59.363627	
39.349942	
38.792241	
42.048376	
38.970671	
54.711697	
50.076479	
49.958194	
62.293702	
70.142875	
71.006404	
54.067295	
64.542581	
64.206198	
52.577314	
38.741230	
44.162984	
44.257530	
45.969505	
42.004430	
50.353139	
32.696347	
42.731582	
34.266001	
64.081711	
69.063057	
56.217210	
63.185277	
56.557550	
55.377008	
60.769912	
53.774993	
56.194353	
47.577421	
54.606765	
47.190127	
46.754266	
45.863216	
45.787801	
58.946488	
70.720400	
84.095401	
70.441803	
59.339658	
63.338462	
62.945929	
61.326609	
60.517255	
46.135033	
52.067009	
36.228760	
78.482925	
82.034423	
74.430086	
69.014953	
67.869868	
56.934972	
57.949712	
62.554594	
73.309963	
65.570024	
58.755848	
63.770513	
45.918838	
46.682791	
56.550336	
45.298945	
80.086923	
81.850419	
62.401411	
52.132499	
68.434363	
59.018419	
60.815410	
59.258158	
61.412796	
54.435450	
50.147188	
50.120370	
81.167794	
85.481926	
81.798783	
82.397980	
73.294178	
65.462222	
74.266873	
63.540720	
61.141057	
71.761509	
64.304354	
76.476747	
72.650063	
79.795246	
74.782383	
70.563594	
88.298444	
82.036944	
74.795801	
87.116532	
86.267423	
77.899504	
75.581175	
85.934277	
83.801840	
81.393784	
66.426774	
69.659890	
65.501748	
83.526672	
74.119568	
62.369097	
92.157232	
91.556077	
80.848129	
78.603015	
106.269169	
106.891332	
104.268887	
105.729135	
102.670998	
99.960826	
101.176580	
112.372992	
108.913485	
110.045113	
110.356906	
111.138585	
112.032847	
104.558604	
110.930650	
110.453128	
110.039400	
109.940545	
107.437746	
106.336504	
104.655018	
106.542621	
108.865563	
110.685202	
111.470939	
112.448883	
113.042254	
110.123270	
110.698790	
115.538401	
113.545664	
110.671619	
111.929730	
113.299169	
112.091637	
108.979939	
110.646409	
109.379378	
107.835468	
30.971064	
33.512604	
33.236590	
30.931022	
25.086555	
34.690338	
35.821126	
26.374813	
22.171406	
36.906106	
34.181004	
32.683149	
37.369131	
33.354939	
35.042064	
53.310810	
55.719006	
57.206499	
56.809988	
46.178250	
44.144319	
43.163028	
54.308739	
43.284191	
57.298989	
51.551215	
54.264080	
52.324057	
70.989505	
76.630195	
74.204777	
60.077712	
68.649469	
52.794100	
63.454551	
49.295286	
57.267760	
50.120370	
62.840615	
49.922821	
41.810966	
64.288793	
72.644004	
75.813664	
66.386019	
69.828464	
64.327099	
57.129617	
55.463730	
71.298627	
66.677326	
63.567050	
50.776856	
50.031365	
55.787622	
68.844207	
87.671873	
77.583699	
71.646647	
79.810193	
67.890278	
70.019980	
69.143643	
66.207436	
46.640884	
60.542402	
56.980634	
78.172484	
86.622257	
83.022204	
81.631386	
74.337507	
73.391321	
74.682382	
67.176223	
71.668408	
75.058169	
66.636563	
78.974851	
74.046549	
62.967470	
67.953914	
66.677326	
58.995642	
78.021749	
80.182999	
77.324959	
74.316802	
62.936354	
69.773070	
71.888496	
67.372978	
66.154706	
73.357318	
69.071477	
74.112265	
62.316440	
61.340974	
58.160910	
86.420673	
81.913411	
77.398856	
87.492154	
88.367099	
77.251085	
72.920428	
68.865848	
74.272962	
70.256157	
79.998376	
67.402974	
67.131840	
75.697395	
71.235819	
82.847227	
88.262812	
80.716665	
85.529674	
83.592871	
78.643885	
79.152325	
80.280372	
87.648245	
84.840888	
81.044875	
88.409370	
92.703026	
89.924563	
88.478091	
81.294565	
83.606877	
84.907685	
108.369732	
110.237972	
109.187467	
108.976244	
107.207709	
105.630424	
111.040336	
107.489242	
108.889516	
112.187164	
109.384984	
109.224652	
111.314219	
110.825232	
112.132250	
109.517895	
113.017109	
110.174838	
110.270540	
107.281885	
111.164180	
109.499145	
108.407920	
108.228222	
110.176749	
115.217540	
113.403024	
110.936517	
113.897987	
114.912076	
114.450808	
114.102031	
110.764868	
113.103112	
114.182779	
111.899469	
113.073716	
30.971064	
33.236590	
30.931022	
27.445759	
35.821126	
26.374813	
22.171406	
34.181004	
34.298680	
37.369131	
38.674898	
33.354939	
35.042064	
49.850847	
51.673852	
56.577988	
53.812447	
50.728178	
44.039769	
56.913342	
44.553382	
45.129180	
55.791234	
40.467088	
52.756564	
53.128154	
44.271212	
46.044869	
69.614144	
65.881502	
60.596288	
46.000393	
57.769674	
44.149297	
46.038692	
51.016505	
44.776906	
42.661474	
50.596714	
40.240596	
64.559341	
64.086498	
69.755007	
74.903161	
61.720416	
66.286536	
60.311272	
62.653925	
56.409650	
41.863745	
59.272541	
43.619879	
57.482732	
59.410366	
48.957835	
47.786227	
49.852067	
78.104517	
78.356717	
68.528087	
63.032093	
62.090246	
71.129549	
63.467715	
64.949657	
65.511330	
67.119844	
46.887311	
53.564716	
42.802920	
40.017660	
75.883449	
85.810050	
80.462766	
70.293523	
73.058719	
62.255404	
63.663993	
55.474570	
58.450027	
72.533734	
53.608229	
62.591693	
55.970563	
47.753075	
78.072394	
80.849382	
74.832396	
85.821692	
64.318719	
63.515588	
60.102867	
68.045175	
70.814510	
63.823175	
61.552845	
63.327691	
51.734550	
71.187511	
53.366440	
64.542581	
58.248494	
55.619075	
83.642538	
78.066217	
87.248588	
78.184844	
83.225320	
80.396533	
75.256017	
75.479677	
52.819525	
69.309659	
68.768468	
69.757416	
70.088652	
81.670389	
86.514273	
80.211707	
79.511462	
83.544491	
78.538628	
73.187353	
79.933551	
73.997879	
81.219245	
78.287457	
79.770336	
88.099312	
90.425501	
82.799079	
83.783991	
84.914110	
109.739903	
110.318495	
107.901847	
107.480359	
101.544813	
105.291706	
111.590491	
111.379590	
110.482049	
110.901333	
110.283962	
111.441122	
111.099250	
112.346374	
105.452277	
111.052110	
112.667388	
108.531845	
112.059187	
108.928242	
107.928791	
108.462543	
111.460997	
110.291633	
110.588307	
110.601856	
116.082194	
113.945603	
111.278619	
114.948083	
113.949935	
113.012921	
110.335775	
112.665320	
110.663860	
109.775782	
109.230233	
109.355100	
30.971064	
33.512604	
30.931022	
27.445759	
25.086555	
34.690338	
35.821126	
29.441842	
26.374813	
22.171406	
29.603562	
32.683149	
34.298680	
38.674898	
33.354939	
35.042064	
47.459442	
53.338625	
54.709284	
56.124579	
43.441486	
39.809708	
36.235223	
54.833490	
39.414778	
38.236792	
37.365276	
38.408065	
49.672679	
63.916532	
68.055983	
68.655479	
56.563561	
45.441362	
35.797805	
38.462994	
42.383340	
38.121673	
40.498702	
41.100986	
58.633530	
70.071785	
69.756212	
63.545507	
52.562776	
55.510699	
55.679277	
60.859711	
54.315981	
55.054093	
43.994948	
42.437239	
48.465704	
40.391196	
41.507869	
60.501687	
70.633548	
83.949825	
68.173680	
61.163803	
54.066087	
61.503769	
56.825613	
46.760427	
29.918399	
45.836020	
32.477097	
45.921310	
34.004336	
76.432571	
82.488995	
71.299835	
69.730925	
66.642557	
59.368420	
61.874814	
58.483612	
62.012452	
69.113573	
69.807993	
60.131614	
70.523797	
50.208133	
61.068030	
50.529748	
42.724071	
78.813641	
78.304769	
61.931067	
58.933300	
54.995032	
64.978394	
67.311788	
53.558673	
61.167394	
54.125252	
63.827962	
62.293702	
57.202896	
56.424080	
52.236776	
48.058688	
85.450964	
78.967407	
78.627783	
84.703538	
81.251879	
81.524487	
69.371025	
73.839752	
68.286590	
64.062559	
64.389347	
81.007263	
74.718964	
65.201130	
86.731637	
85.643304	
73.076919	
86.594927	
84.896121	
73.865290	
76.105167	
68.442772	
71.395271	
66.202643	
77.857536	
79.888685	
94.268405	
90.619553	
85.315586	
80.910763	
80.720420	
79.370962	
107.144237	
107.096697	
107.629865	
100.866385	
105.649127	
97.098597	
100.553236	
113.115719	
113.294939	
110.603792	
111.486853	
110.104191	
111.028566	
111.001120	
111.986299	
106.324409	
110.547695	
110.356906	
109.308456	
109.024311	
111.586499	
107.688755	
105.088011	
105.005781	
106.189886	
107.681611	
111.203595	
112.215678	
112.568240	
111.980233	
110.372284	
115.473886	
113.569153	
111.395459	
112.467372	
114.342825	
114.200271	
111.978212	
110.443494	
109.688981	
108.716670	
106.466292	
32.445372	
35.548850	
28.426961	
31.650190	
38.751433	
36.558072	
33.512604	
32.920570	
34.377084	
36.751507	
37.407663	
53.889761	
55.841788	
60.413069	
58.468020	
58.411645	
46.940265	
48.447326	
49.428458	
58.645524	
45.168843	
41.071985	
56.939779	
53.942907	
56.117359	
53.117264	
69.500995	
74.176777	
75.495572	
60.602276	
68.942801	
53.255174	
68.294998	
55.498656	
46.007808	
52.104606	
58.120115	
51.599789	
54.708079	
61.639025	
45.052316	
51.554858	
42.193964	
72.415018	
76.031649	
69.018560	
74.141477	
65.271787	
52.910321	
71.310705	
69.833281	
66.613783	
63.590986	
66.551443	
53.616689	
53.942907	
58.591556	
78.923995	
67.151032	
79.490319	
67.382577	
69.610532	
79.416955	
69.621366	
71.177850	
72.338719	
70.641991	
56.466168	
44.824068	
60.192700	
61.964579	
46.486757	
77.469080	
74.180429	
75.124104	
70.621486	
68.864646	
70.883292	
65.161609	
79.846320	
64.096074	
76.941060	
64.566523	
71.909059	
62.500741	
60.723214	
82.270392	
79.274037	
65.532891	
67.376578	
76.581082	
72.911938	
70.259774	
67.723411	
69.391481	
76.417849	
68.089608	
64.780830	
72.094180	
65.323287	
58.893736	
86.223300	
83.864333	
80.910763	
87.836088	
78.705824	
85.609721	
69.991068	
85.842389	
75.498016	
82.025596	
78.544819	
68.641056	
77.559045	
84.663771	
84.156740	
71.464142	
83.066613	
88.855492	
79.031924	
81.342283	
81.967603	
86.338831	
82.818083	
76.979177	
80.849382	
81.554664	
80.717916	
88.082185	
74.460545	
79.959728	
96.966062	
89.650277	
92.435905	
86.075469	
108.114309	
107.420004	
110.509064	
107.050971	
106.568673	
107.667329	
112.358657	
110.416531	
109.349500	
110.627031	
111.552584	
109.113214	
110.956079	
112.370945	
112.910493	
107.093179	
111.760647	
112.692228	
113.088410	
111.462985	
113.505139	
111.644439	
108.678166	
109.124343	
115.311067	
113.904476	
114.979632	
113.932608	
114.078073	
113.168312	
111.600474	
112.487930	
32.445372	
35.548850	
33.354939	
27.937225	
34.377084	
40.162089	
31.131130	
31.650190	
38.751433	
33.512604	
40.238065	
37.330589	
36.751507	
48.284329	
52.421016	
55.123993	
52.649992	
50.143532	
44.640332	
44.465160	
51.699345	
42.583832	
53.411180	
46.709904	
67.575778	
71.339697	
73.207986	
71.519732	
55.014318	
60.340015	
45.643094	
57.277369	
47.048605	
54.153020	
43.391563	
45.996688	
51.490489	
37.149338	
46.327611	
40.473410	
45.974447	
66.641358	
73.160651	
61.747945	
68.986091	
64.173878	
56.973425	
42.289299	
65.622732	
59.548176	
61.475041	
59.597304	
58.644325	
65.043057	
78.123051	
71.720396	
70.166975	
70.616661	
66.256573	
68.742022	
64.340266	
47.938444	
36.409633	
56.764316	
51.535427	
41.812223	
76.617917	
87.096933	
74.672628	
72.542215	
62.243437	
67.758222	
66.670134	
71.513690	
72.637943	
57.564383	
67.831451	
62.939944	
52.395565	
77.469080	
79.475395	
78.241707	
86.402481	
67.642990	
63.684340	
62.651531	
71.904222	
70.206744	
67.056272	
63.113471	
62.485183	
61.370899	
60.330434	
55.710578	
61.257177	
66.022890	
59.037601	
83.592871	
83.660372	
79.400794	
87.369000	
86.351818	
79.152325	
80.808054	
72.553120	
71.753044	
74.080622	
65.833578	
76.287826	
65.892286	
50.513916	
67.179823	
74.388666	
72.684000	
82.047033	
76.041451	
79.806456	
80.045763	
78.268909	
76.259622	
76.981636	
77.982228	
71.323994	
74.955635	
82.395453	
88.824987	
93.253568	
91.290875	
79.869994	
84.293566	
82.467501	
108.040356	
110.485908	
107.409362	
106.468026	
106.341688	
108.072804	
106.488829	
103.717476	
107.336721	
103.051246	
107.544364	
111.804841	
111.142521	
110.368439	
111.901485	
112.487930	
110.862285	
111.288504	
111.972147	
111.423246	
109.211632	
109.215353	
111.650441	
108.906108	
109.310321	
106.971952	
108.654350	
111.052110	
109.407412	
110.385744	
110.646409	
110.780435	
109.681442	
114.714956	
111.447083	
112.199382	
114.358224	
112.403735	
108.856355	
112.077436	
113.216785	
110.877899	
110.064159	
32.445372	
35.548850	
33.354939	
28.426961	
34.377084	
31.131130	
38.751433	
33.512604	
32.920570	
40.238065	
37.330589	
36.751507	
37.407663	
53.823320	
57.449110	
44.511140	
54.816608	
37.399958	
50.557753	
41.256019	
38.636619	
53.952569	
49.267177	
65.323287	
72.402905	
67.115046	
60.443008	
44.579470	
56.279759	
47.994891	
41.994384	
48.987192	
40.870122	
35.778368	
40.050609	
43.453965	
71.604337	
73.039306	
63.082357	
54.156643	
57.326613	
56.581594	
54.810580	
56.071639	
52.336178	
50.083795	
42.895500	
46.044869	
62.677860	
86.212920	
52.766250	
53.958609	
65.268195	
61.384066	
47.208580	
50.808494	
45.567617	
76.802167	
81.145211	
75.467450	
73.049012	
68.380296	
61.392446	
71.490728	
47.788683	
60.525636	
45.853328	
76.960732	
79.689402	
77.958765	
83.897504	
65.644294	
58.692292	
58.818199	
62.746073	
67.821847	
58.214902	
57.929311	
66.415985	
57.860898	
52.151901	
58.348067	
84.151627	
80.612812	
86.268721	
81.096290	
82.466236	
63.144587	
76.867302	
68.892300	
60.029799	
73.758284	
74.993471	
88.248298	
86.470064	
82.844693	
85.673019	
87.914994	
81.616290	
75.559160	
74.556818	
69.901931	
77.116939	
72.020364	
83.213886	
80.440270	
82.624347	
80.135579	
105.819531	
107.601345	
109.459802	
106.866826	
104.115635	
105.833192	
105.145156	
104.097541	
97.401011	
105.669541	
98.433687	
112.463262	
113.259003	
111.105147	
111.598477	
109.709719	
110.958037	
111.786754	
106.686982	
111.419274	
111.966084	
108.658012	
109.433598	
107.489242	
103.583845	
106.901838	
108.080019	
110.295468	
112.360704	
112.566178	
111.606467	
110.266709	
115.455485	
113.671888	
114.788696	
113.846140	
110.671619	
110.414607	
108.593961	
107.555041	
28.752509	
25.170052	
29.926463	
23.658650	
22.555580	
26.705240	
28.508418	
29.158398	
33.473202	
35.743376	
30.890967	
35.003018	
31.211099	
48.573499	
50.789025	
53.797949	
42.422198	
53.441407	
41.274917	
39.653607	
42.670239	
54.420971	
42.665231	
40.997570	
43.855455	
43.156782	
44.139342	
58.688695	
62.876518	
64.699415	
61.249995	
57.779277	
60.047767	
53.064025	
39.184577	
54.673103	
51.733336	
54.005709	
56.695801	
44.116941	
47.530727	
42.011965	
53.034982	
55.330028	
57.527161	
63.658008	
53.290250	
43.222994	
65.797636	
60.108856	
57.632820	
54.114387	
61.926280	
55.716597	
48.671463	
59.249768	
59.285724	
64.170287	
49.467545	
62.033995	
71.888496	
53.753245	
64.151135	
58.228099	
64.697020	
69.508218	
40.750176	
62.079475	
54.563337	
69.417955	
47.649906	
64.442020	
71.337281	
71.319161	
71.017269	
67.220610	
67.225407	
67.154631	
66.628170	
70.171796	
73.494565	
73.963814	
64.995159	
66.064830	
68.498046	
65.361612	
61.211688	
66.101978	
66.674928	
76.943519	
68.993306	
61.758717	
73.814215	
76.810770	
64.378573	
69.976612	
71.013648	
75.808768	
65.949797	
66.251780	
68.094413	
67.113847	
61.123100	
64.394136	
73.568677	
87.580013	
83.595417	
73.260185	
75.876103	
79.071636	
71.776019	
78.048922	
65.566431	
65.701796	
78.022983	
71.181472	
73.209200	
66.036071	
84.338350	
74.533660	
80.799289	
80.581543	
84.331950	
82.276706	
73.900560	
79.622188	
80.965900	
78.946321	
82.497846	
89.366038	
88.482059	
75.484567	
68.238541	
92.109270	
71.941722	
87.770374	
76.358962	
80.370297	
80.751712	
97.289828	
99.307817	
104.245784	
99.854295	
100.246344	
104.628401	
103.186696	
102.063855	
93.848144	
88.935107	
92.405663	
103.569200	
98.344544	
98.697367	
100.330582	
107.907235	
96.477379	
105.271464	
103.813852	
102.022782	
102.498639	
105.632124	
90.955994	
90.039845	
84.475347	
89.183616	
98.989112	
107.678041	
105.920380	
103.634322	
106.353785	
110.395361	
108.139594	
108.768072	
109.131763	
108.520895	
28.752509	
29.926463	
20.838553	
23.658650	
34.298680	
31.011096	
28.874397	
35.743376	
30.890967	
35.003018	
31.211099	
44.394312	
47.938444	
50.378721	
44.707386	
36.564524	
48.948048	
40.822151	
34.094656	
43.629855	
37.997524	
41.521713	
43.362853	
42.246653	
56.503443	
60.251388	
63.678355	
60.834567	
56.831621	
58.842179	
60.349595	
57.133220	
42.981793	
37.126186	
52.846161	
36.629023	
49.137607	
42.916763	
47.011676	
50.921636	
50.192288	
66.601796	
60.931547	
61.062045	
60.320852	
55.820122	
44.939457	
64.813158	
50.415266	
52.302239	
62.530659	
47.266396	
45.234522	
57.726459	
61.709643	
65.172387	
62.933960	
54.867249	
51.935998	
61.339776	
59.901622	
63.525161	
66.330883	
62.079475	
50.522440	
41.012707	
54.574194	
57.359041	
54.056428	
75.190053	
71.012440	
73.736401	
63.638859	
62.813090	
70.961743	
66.642557	
60.795056	
72.471948	
56.366355	
67.028685	
54.729786	
61.712037	
53.402716	
50.298311	
67.163027	
77.853833	
60.931547	
59.944747	
73.526152	
74.604355	
67.279394	
66.055244	
63.634072	
64.882603	
51.481987	
64.947262	
71.918738	
82.735748	
78.626544	
74.322893	
65.389159	
73.159437	
77.312645	
67.522974	
67.380178	
57.136825	
72.795527	
61.795820	
79.046815	
62.748467	
75.034974	
86.306367	
81.890731	
83.018397	
82.190857	
82.566144	
85.074817	
82.115144	
72.894960	
77.594795	
73.047798	
76.792337	
82.905531	
82.615489	
74.051417	
72.229747	
86.782453	
82.108836	
90.966823	
83.269785	
83.724081	
100.027885	
98.548265	
103.920246	
96.337328	
103.265875	
97.459600	
93.268833	
102.731778	
93.675051	
101.083344	
101.849350	
98.191798	
98.893214	
104.943787	
104.122216	
104.224344	
103.448948	
98.872255	
108.080019	
103.314415	
107.230653	
102.811862	
100.482510	
103.328984	
106.253645	
97.235762	
99.532786	
104.694971	
105.553988	
111.951942	
107.619167	
106.721842	
112.113967	
109.196761	
107.988131	
106.067799	
107.837259	
109.349500	
106.877327	
102.272871	
28.752509	
25.170052	
29.926463	
20.838553	
23.658650	
26.705240	
33.197121	
28.508418	
29.158398	
34.298680	
33.473202	
31.011096	
30.007078	
30.890967	
35.003018	
31.211099	
49.434566	
49.018993	
49.058129	
41.891387	
52.083989	
49.670236	
34.518120	
36.852011	
41.121159	
51.887466	
41.208135	
39.300348	
42.434733	
39.577416	
43.950120	
39.349942	
62.548611	
67.709006	
63.198441	
51.403028	
56.927762	
49.028777	
50.267848	
45.882994	
49.678781	
41.039194	
38.696586	
32.237689	
59.832138	
52.791678	
62.320030	
50.582104	
50.499303	
50.522440	
39.430032	
57.978514	
47.748163	
51.060281	
48.607790	
49.959412	
57.516355	
47.947033	
70.340533	
54.667072	
65.286160	
49.683663	
64.019469	
58.078117	
61.927477	
60.646581	
65.081375	
66.116358	
56.183526	
75.643561	
76.632651	
76.146836	
78.156416	
68.325033	
62.029207	
60.950703	
67.801438	
61.865240	
55.757528	
68.197702	
57.003464	
52.265871	
48.867301	
53.244289	
73.965031	
74.067236	
75.058169	
59.200625	
74.381356	
59.209015	
73.733970	
72.709454	
58.599951	
51.183072	
45.246912	
50.091110	
55.277020	
87.252512	
87.557714	
83.609424	
78.408676	
62.691024	
74.461764	
77.088642	
68.546113	
65.474199	
65.905465	
59.431937	
56.730661	
61.686902	
56.866474	
81.573528	
70.832608	
87.635120	
90.976298	
80.741698	
84.028980	
79.843829	
75.694948	
67.939506	
75.617872	
76.536888	
56.557550	
86.821557	
93.037367	
92.933613	
90.338029	
83.366385	
81.288286	
85.108269	
97.362955	
98.700353	
105.215846	
97.838706	
97.072361	
96.907884	
91.684183	
90.745078	
97.959642	
103.912053	
108.902420	
100.367376	
99.719116	
104.906965	
106.599958	
109.999443	
107.237716	
112.576489	
110.188221	
107.356197	